time	V(n002)	I(C1)
0.000000000000000e+00	0.000000e+00	0.000000e+00
9.999999717180685e-10	5.000000e-09	5.000000e-04
1.999999943436137e-09	1.000000e-08	5.000000e-04
3.999999886872274e-09	2.000000e-08	5.000000e-04
7.999999773744548e-09	4.000000e-08	5.000000e-04
1.599999954748910e-08	8.000000e-08	5.000000e-04
3.199999909497819e-08	1.600000e-07	5.000000e-04
6.399999818995639e-08	3.200000e-07	5.000000e-04
1.279999963799128e-07	6.399999e-07	4.999999e-04
2.559999927598255e-07	1.280000e-06	4.999998e-04
5.119999855196511e-07	2.559999e-06	4.999997e-04
1.023999971039302e-06	5.119997e-06	4.999995e-04
2.047999942078604e-06	1.023999e-05	4.999990e-04
4.095999884157209e-06	2.047996e-05	4.999979e-04
8.191999768314417e-06	4.095983e-05	4.999959e-04
1.638399953662883e-05	8.191933e-05	4.999918e-04
3.276799907325767e-05	1.638373e-04	4.999836e-04
6.553599814651534e-05	3.276693e-04	4.999673e-04
1.310719962930307e-04	6.553170e-04	4.999345e-04
2.621439925860614e-04	1.310548e-03	4.998689e-04
5.242879851721227e-04	2.620753e-03	4.997379e-04
1.048575970344245e-03	5.240132e-03	4.994760e-04
2.097151940688491e-03	1.047477e-02	4.989525e-04
4.194303881376982e-03	2.092760e-02	4.979072e-04
8.388607762753963e-03	4.176764e-02	4.958232e-04
1.327142026275396e-02	6.591880e-02	4.934081e-04
1.815423276275396e-02	8.995232e-02	4.910048e-04
2.303704526275396e-02	1.138688e-01	4.886132e-04
2.791985776275396e-02	1.376687e-01	4.862331e-04
3.280267026275396e-02	1.613528e-01	4.838647e-04
3.768548276275396e-02	1.849214e-01	4.815079e-04
4.256829526275396e-02	2.083753e-01	4.791625e-04
4.745110776275396e-02	2.317149e-01	4.768285e-04
5.233392026275396e-02	2.549408e-01	4.745059e-04
5.721673276275396e-02	2.780536e-01	4.721946e-04
6.209954526275396e-02	3.010539e-01	4.698946e-04
6.698235776275396e-02	3.239421e-01	4.676058e-04
7.186517026275396e-02	3.467188e-01	4.653281e-04
7.674798276275396e-02	3.693846e-01	4.630616e-04
8.163079526275396e-02	3.919399e-01	4.608060e-04
8.651360776275396e-02	4.143854e-01	4.585615e-04
9.139642026275396e-02	4.367216e-01	4.563278e-04
9.627923276275396e-02	4.589489e-01	4.541051e-04
1.011620452627540e-01	4.810680e-01	4.518932e-04
1.060448577627540e-01	5.030794e-01	4.496921e-04
1.109276702627540e-01	5.249835e-01	4.475016e-04
1.158104827627540e-01	5.467810e-01	4.453219e-04
1.206932952627540e-01	5.684723e-01	4.431528e-04
1.255761077627540e-01	5.900578e-01	4.409942e-04
1.304589202627540e-01	6.115384e-01	4.388462e-04
1.353417327627540e-01	6.329142e-01	4.367086e-04
1.402245452627540e-01	6.541860e-01	4.345814e-04
1.451073577627540e-01	6.753541e-01	4.324646e-04
1.499901702627540e-01	6.964191e-01	4.303581e-04
1.548729827627540e-01	7.173815e-01	4.282618e-04
1.597557952627540e-01	7.382417e-01	4.261758e-04
1.646386077627540e-01	7.590004e-01	4.241000e-04
1.695214202627540e-01	7.796580e-01	4.220342e-04
1.744042327627540e-01	8.002149e-01	4.199785e-04
1.792870452627540e-01	8.206718e-01	4.179328e-04
1.841698577627540e-01	8.410289e-01	4.158971e-04
1.890526702627540e-01	8.612870e-01	4.138713e-04
1.939354827627540e-01	8.814463e-01	4.118554e-04
1.988182952627540e-01	9.015074e-01	4.098492e-04
2.037011077627540e-01	9.214709e-01	4.078529e-04
2.085839202627540e-01	9.413371e-01	4.058663e-04
2.134667327627540e-01	9.611065e-01	4.038893e-04
2.183495452627540e-01	9.807796e-01	4.019220e-04
2.232323577627540e-01	1.000357e+00	3.999643e-04
2.281151702627540e-01	1.019839e+00	3.980161e-04
2.329979827627540e-01	1.039226e+00	3.960774e-04
2.378807952627540e-01	1.058519e+00	3.941481e-04
2.427636077627540e-01	1.077717e+00	3.922283e-04
2.476464202627540e-01	1.096822e+00	3.903178e-04
2.525292327627540e-01	1.115834e+00	3.884165e-04
2.574120452627540e-01	1.134754e+00	3.865246e-04
2.622948577627540e-01	1.153581e+00	3.846419e-04
2.671776702627540e-01	1.172317e+00	3.827683e-04
2.720604827627540e-01	1.190961e+00	3.809039e-04
2.769432952627540e-01	1.209515e+00	3.790485e-04
2.818261077627540e-01	1.227978e+00	3.772022e-04
2.867089202627540e-01	1.246351e+00	3.753649e-04
2.915917327627540e-01	1.264635e+00	3.735365e-04
2.964745452627540e-01	1.282829e+00	3.717171e-04
3.013573577627540e-01	1.300935e+00	3.699065e-04
3.062401702627540e-01	1.318953e+00	3.681047e-04
3.111229827627540e-01	1.336883e+00	3.663117e-04
3.160057952627540e-01	1.354726e+00	3.645274e-04
3.208886077627540e-01	1.372482e+00	3.627518e-04
3.257714202627540e-01	1.390151e+00	3.609849e-04
3.306542327627540e-01	1.407735e+00	3.592265e-04
3.355370452627540e-01	1.425232e+00	3.574768e-04
3.404198577627540e-01	1.442645e+00	3.557355e-04
3.453026702627540e-01	1.459972e+00	3.540028e-04
3.501854827627540e-01	1.477215e+00	3.522785e-04
3.550682952627540e-01	1.494375e+00	3.505625e-04
3.599511077627540e-01	1.511450e+00	3.488550e-04
3.648339202627540e-01	1.528443e+00	3.471557e-04
3.697167327627540e-01	1.545352e+00	3.454648e-04
3.745995452627540e-01	1.562180e+00	3.437820e-04
3.794823577627540e-01	1.578925e+00	3.421075e-04
3.843651702627540e-01	1.595589e+00	3.404411e-04
3.892479827627540e-01	1.612171e+00	3.387828e-04
3.941307952627540e-01	1.628673e+00	3.371327e-04
3.990136077627540e-01	1.645095e+00	3.354905e-04
4.038964202627540e-01	1.661436e+00	3.338564e-04
4.087792327627540e-01	1.677698e+00	3.322302e-04
4.136620452627540e-01	1.693881e+00	3.306119e-04
4.185448577627540e-01	1.709985e+00	3.290015e-04
4.234276702627540e-01	1.726010e+00	3.273990e-04
4.283104827627540e-01	1.741957e+00	3.258043e-04
4.331932952627540e-01	1.757827e+00	3.242173e-04
4.380761077627540e-01	1.773619e+00	3.226381e-04
4.429589202627540e-01	1.789335e+00	3.210665e-04
4.478417327627540e-01	1.804974e+00	3.195026e-04
4.527245452627540e-01	1.820536e+00	3.179463e-04
4.576073577627540e-01	1.836023e+00	3.163977e-04
4.624901702627540e-01	1.851435e+00	3.148565e-04
4.673729827627540e-01	1.866771e+00	3.133229e-04
4.722557952627540e-01	1.882033e+00	3.117967e-04
4.771386077627540e-01	1.897220e+00	3.102780e-04
4.820214202627540e-01	1.912334e+00	3.087666e-04
4.869042327627540e-01	1.927374e+00	3.072626e-04
4.917870452627540e-01	1.942340e+00	3.057660e-04
4.966698577627540e-01	1.957234e+00	3.042766e-04
5.015526702627540e-01	1.972055e+00	3.027945e-04
5.064354827627540e-01	1.986804e+00	3.013196e-04
5.113182952627540e-01	2.001481e+00	2.998519e-04
5.162011077627540e-01	2.016086e+00	2.983914e-04
5.210839202627540e-01	2.030621e+00	2.969379e-04
5.259667327627540e-01	2.045084e+00	2.954916e-04
5.308495452627540e-01	2.059477e+00	2.940523e-04
5.357323577627540e-01	2.073801e+00	2.926200e-04
5.406151702627540e-01	2.088054e+00	2.911946e-04
5.454979827627540e-01	2.102238e+00	2.897762e-04
5.503807952627540e-01	2.116352e+00	2.883648e-04
5.552636077627540e-01	2.130398e+00	2.869602e-04
5.601464202627540e-01	2.144376e+00	2.855624e-04
5.650292327627540e-01	2.158286e+00	2.841715e-04
5.699120452627540e-01	2.172127e+00	2.827873e-04
5.747948577627540e-01	2.185902e+00	2.814098e-04
5.796776702627540e-01	2.199609e+00	2.800391e-04
5.845604827627540e-01	2.213249e+00	2.786751e-04
5.894432952627540e-01	2.226823e+00	2.773177e-04
5.943261077627540e-01	2.240331e+00	2.759669e-04
5.992089202627540e-01	2.253773e+00	2.746227e-04
6.040917327627540e-01	2.267150e+00	2.732850e-04
6.089745452627540e-01	2.280462e+00	2.719538e-04
6.138573577627540e-01	2.293708e+00	2.706292e-04
6.187401702627540e-01	2.306890e+00	2.693110e-04
6.236229827627540e-01	2.320008e+00	2.679992e-04
6.285057952627540e-01	2.333062e+00	2.666938e-04
6.333886077627540e-01	2.346053e+00	2.653947e-04
6.382714202627540e-01	2.358980e+00	2.641020e-04
6.431542327627540e-01	2.371844e+00	2.628156e-04
6.480370452627540e-01	2.384646e+00	2.615354e-04
6.529198577627540e-01	2.397385e+00	2.602615e-04
6.578026702627540e-01	2.410062e+00	2.589938e-04
6.626854827627540e-01	2.422677e+00	2.577323e-04
6.675682952627540e-01	2.435231e+00	2.564769e-04
6.724511077627540e-01	2.447724e+00	2.552276e-04
6.773339202627540e-01	2.460156e+00	2.539844e-04
6.822167327627540e-01	2.472528e+00	2.527473e-04
6.870995452627540e-01	2.484838e+00	2.515161e-04
6.919823577627540e-01	2.497090e+00	2.502910e-04
6.968651702627540e-01	2.509281e+00	2.490719e-04
7.017479827627540e-01	2.521413e+00	2.478587e-04
7.066307952627540e-01	2.533486e+00	2.466514e-04
7.115136077627540e-01	2.545501e+00	2.454499e-04
7.163964202627540e-01	2.557456e+00	2.442544e-04
7.212792327627540e-01	2.569354e+00	2.430646e-04
7.261620452627540e-01	2.581193e+00	2.418807e-04
7.310448577627540e-01	2.592975e+00	2.407025e-04
7.359276702627540e-01	2.604699e+00	2.395301e-04
7.408104827627540e-01	2.616367e+00	2.383633e-04
7.456932952627540e-01	2.627977e+00	2.372023e-04
7.505761077627540e-01	2.639531e+00	2.360469e-04
7.554589202627540e-01	2.651029e+00	2.348971e-04
7.603417327627540e-01	2.662470e+00	2.337530e-04
7.652245452627540e-01	2.673856e+00	2.326144e-04
7.701073577627540e-01	2.685187e+00	2.314813e-04
7.749901702627540e-01	2.696462e+00	2.303538e-04
7.798729827627540e-01	2.707682e+00	2.292318e-04
7.847557952627540e-01	2.718848e+00	2.281152e-04
7.896386077627540e-01	2.729959e+00	2.270041e-04
7.945214202627540e-01	2.741017e+00	2.258983e-04
7.994042327627540e-01	2.752020e+00	2.247980e-04
8.042870452627540e-01	2.762969e+00	2.237030e-04
8.091698577627540e-01	2.773866e+00	2.226134e-04
8.140526702627540e-01	2.784709e+00	2.215291e-04
8.189354827627540e-01	2.795500e+00	2.204500e-04
8.238182952627540e-01	2.806238e+00	2.193762e-04
8.287011077627540e-01	2.816923e+00	2.183077e-04
8.335839202627540e-01	2.827557e+00	2.172443e-04
8.384667327627540e-01	2.838139e+00	2.161861e-04
8.433495452627540e-01	2.848669e+00	2.151331e-04
8.482323577627540e-01	2.859148e+00	2.140852e-04
8.531151702627540e-01	2.869576e+00	2.130424e-04
8.579979827627540e-01	2.879953e+00	2.120047e-04
8.628807952627540e-01	2.890280e+00	2.109720e-04
8.677636077627540e-01	2.900556e+00	2.099444e-04
8.726464202627540e-01	2.910782e+00	2.089218e-04
8.775292327627540e-01	2.920959e+00	2.079041e-04
8.824120452627540e-01	2.931085e+00	2.068915e-04
8.872948577627540e-01	2.941163e+00	2.058837e-04
8.921776702627540e-01	2.951191e+00	2.048809e-04
8.970604827627540e-01	2.961171e+00	2.038829e-04
9.019432952627540e-01	2.971102e+00	2.028898e-04
9.068261077627540e-01	2.980984e+00	2.019016e-04
9.117089202627540e-01	2.990819e+00	2.009181e-04
9.165917327627540e-01	3.000606e+00	1.999394e-04
9.214745452627540e-01	3.010345e+00	1.989656e-04
9.263573577627540e-01	3.020036e+00	1.979964e-04
9.312401702627540e-01	3.029680e+00	1.970320e-04
9.361229827627540e-01	3.039277e+00	1.960723e-04
9.410057952627540e-01	3.048828e+00	1.951172e-04
9.458886077627540e-01	3.058332e+00	1.941668e-04
9.507714202627540e-01	3.067790e+00	1.932210e-04
9.556542327627540e-01	3.077201e+00	1.922799e-04
9.605370452627540e-01	3.086567e+00	1.913433e-04
9.654198577627540e-01	3.095887e+00	1.904113e-04
9.703026702627540e-01	3.105162e+00	1.894838e-04
9.751854827627540e-01	3.114392e+00	1.885608e-04
9.800682952627540e-01	3.123576e+00	1.876424e-04
9.849511077627540e-01	3.132716e+00	1.867284e-04
9.898339202627540e-01	3.141812e+00	1.858188e-04
9.947167327627540e-01	3.150863e+00	1.849137e-04
9.995995452627540e-01	3.159870e+00	1.840130e-04
1.004482357762754e+00	3.168833e+00	1.831167e-04
1.009365170262754e+00	3.177752e+00	1.822248e-04
1.014247982762754e+00	3.186628e+00	1.813372e-04
1.019130795262754e+00	3.195461e+00	1.804539e-04
1.024013607762754e+00	3.204251e+00	1.795749e-04
1.028896420262754e+00	3.212998e+00	1.787002e-04
1.033779232762754e+00	3.221702e+00	1.778298e-04
1.038662045262754e+00	3.230364e+00	1.769636e-04
1.043544857762754e+00	3.238984e+00	1.761016e-04
1.048427670262754e+00	3.247562e+00	1.752438e-04
1.053310482762754e+00	3.256098e+00	1.743902e-04
1.058193295262754e+00	3.264592e+00	1.735408e-04
1.063076107762754e+00	3.273045e+00	1.726955e-04
1.067958920262754e+00	3.281457e+00	1.718543e-04
1.072841732762754e+00	3.289828e+00	1.710172e-04
1.077724545262754e+00	3.298158e+00	1.701842e-04
1.082607357762754e+00	3.306448e+00	1.693552e-04
1.087490170262754e+00	3.314697e+00	1.685303e-04
1.092372982762754e+00	3.322906e+00	1.677094e-04
1.097255795262754e+00	3.331075e+00	1.668925e-04
1.102138607762754e+00	3.339204e+00	1.660796e-04
1.107021420262754e+00	3.347293e+00	1.652707e-04
1.111904232762754e+00	3.355344e+00	1.644656e-04
1.116787045262754e+00	3.363355e+00	1.636645e-04
1.121669857762754e+00	3.371327e+00	1.628673e-04
1.126552670262754e+00	3.379260e+00	1.620740e-04
1.131435482762754e+00	3.387154e+00	1.612846e-04
1.136318295262754e+00	3.395010e+00	1.604990e-04
1.141201107762754e+00	3.402828e+00	1.597172e-04
1.146083920262754e+00	3.410608e+00	1.589392e-04
1.150966732762754e+00	3.418350e+00	1.581650e-04
1.155849545262754e+00	3.426054e+00	1.573946e-04
1.160732357762754e+00	3.433720e+00	1.566280e-04
1.165615170262754e+00	3.441350e+00	1.558651e-04
1.170497982762754e+00	3.448941e+00	1.551059e-04
1.175380795262754e+00	3.456496e+00	1.543503e-04
1.180263607762754e+00	3.464015e+00	1.535985e-04
1.185146420262754e+00	3.471497e+00	1.528503e-04
1.190029232762754e+00	3.478942e+00	1.521058e-04
1.194912045262754e+00	3.486351e+00	1.513649e-04
1.199794857762754e+00	3.493724e+00	1.506276e-04
1.204677670262754e+00	3.501060e+00	1.498940e-04
1.209560482762754e+00	3.508362e+00	1.491638e-04
1.214443295262754e+00	3.515627e+00	1.484373e-04
1.219326107762754e+00	3.522858e+00	1.477142e-04
1.224208920262754e+00	3.530053e+00	1.469947e-04
1.229091732762754e+00	3.537213e+00	1.462787e-04
1.233974545262754e+00	3.544338e+00	1.455662e-04
1.238857357762754e+00	3.551428e+00	1.448572e-04
1.243740170262754e+00	3.558484e+00	1.441516e-04
1.248622982762754e+00	3.565506e+00	1.434494e-04
1.253505795262754e+00	3.572493e+00	1.427507e-04
1.258388607762754e+00	3.579446e+00	1.420554e-04
1.263271420262754e+00	3.586365e+00	1.413634e-04
1.268154232762754e+00	3.593251e+00	1.406749e-04
1.273037045262754e+00	3.600103e+00	1.399897e-04
1.277919857762754e+00	3.606922e+00	1.393078e-04
1.282802670262754e+00	3.613708e+00	1.386292e-04
1.287685482762754e+00	3.620460e+00	1.379540e-04
1.292568295262754e+00	3.627180e+00	1.372820e-04
1.297451107762754e+00	3.633867e+00	1.366133e-04
1.302333920262754e+00	3.640521e+00	1.359479e-04
1.307216732762754e+00	3.647143e+00	1.352857e-04
1.312099545262754e+00	3.653733e+00	1.346267e-04
1.316982357762754e+00	3.660290e+00	1.339710e-04
1.321865170262754e+00	3.666816e+00	1.333184e-04
1.326747982762754e+00	3.673310e+00	1.326690e-04
1.331630795262754e+00	3.679772e+00	1.320228e-04
1.336513607762754e+00	3.686203e+00	1.313797e-04
1.341396420262754e+00	3.692602e+00	1.307398e-04
1.346279232762754e+00	3.698970e+00	1.301030e-04
1.351162045262754e+00	3.705307e+00	1.294692e-04
1.356044857762754e+00	3.711614e+00	1.288386e-04
1.360927670262754e+00	3.717890e+00	1.282110e-04
1.365810482762754e+00	3.724134e+00	1.275866e-04
1.370693295262754e+00	3.730349e+00	1.269651e-04
1.375576107762754e+00	3.736534e+00	1.263466e-04
1.380458920262754e+00	3.742688e+00	1.257312e-04
1.385341732762754e+00	3.748812e+00	1.251188e-04
1.390224545262754e+00	3.754906e+00	1.245093e-04
1.395107357762754e+00	3.760971e+00	1.239029e-04
1.399990170262754e+00	3.767006e+00	1.232994e-04
1.404872982762754e+00	3.773012e+00	1.226988e-04
1.409755795262754e+00	3.778989e+00	1.221011e-04
1.414638607762754e+00	3.784936e+00	1.215064e-04
1.419521420262754e+00	3.790855e+00	1.209145e-04
1.424404232762754e+00	3.796744e+00	1.203256e-04
1.429287045262754e+00	3.802605e+00	1.197395e-04
1.434169857762754e+00	3.808438e+00	1.191562e-04
1.439052670262754e+00	3.814242e+00	1.185758e-04
1.443935482762754e+00	3.820018e+00	1.179982e-04
1.448818295262754e+00	3.825765e+00	1.174235e-04
1.453701107762754e+00	3.831485e+00	1.168515e-04
1.458583920262754e+00	3.837177e+00	1.162824e-04
1.463466732762754e+00	3.842840e+00	1.157159e-04
1.468349545262754e+00	3.848477e+00	1.151523e-04
1.473232357762754e+00	3.854086e+00	1.145914e-04
1.478115170262754e+00	3.859668e+00	1.140332e-04
1.482997982762754e+00	3.865222e+00	1.134778e-04
1.487880795262754e+00	3.870749e+00	1.129251e-04
1.492763607762754e+00	3.876250e+00	1.123750e-04
1.497646420262754e+00	3.881724e+00	1.118276e-04
1.502529232762754e+00	3.887171e+00	1.112829e-04
1.507412045262754e+00	3.892591e+00	1.107409e-04
1.512294857762754e+00	3.897985e+00	1.102015e-04
1.517177670262754e+00	3.903353e+00	1.096647e-04
1.522060482762754e+00	3.908695e+00	1.091305e-04
1.526943295262754e+00	3.914011e+00	1.085990e-04
1.531826107762754e+00	3.919300e+00	1.080700e-04
1.536708920262754e+00	3.924564e+00	1.075436e-04
1.541591732762754e+00	3.929803e+00	1.070197e-04
1.546474545262754e+00	3.935015e+00	1.064985e-04
1.551357357762754e+00	3.940203e+00	1.059797e-04
1.556240170262754e+00	3.945365e+00	1.054635e-04
1.561122982762754e+00	3.950502e+00	1.049498e-04
1.566005795262754e+00	3.955614e+00	1.044386e-04
1.570888607762754e+00	3.960701e+00	1.039299e-04
1.575771420262754e+00	3.965764e+00	1.034236e-04
1.580654232762754e+00	3.970801e+00	1.029199e-04
1.585537045262754e+00	3.975814e+00	1.024186e-04
1.590419857762754e+00	3.980803e+00	1.019197e-04
1.595302670262754e+00	3.985768e+00	1.014232e-04
1.600185482762754e+00	3.990708e+00	1.009292e-04
1.605068295262754e+00	3.995624e+00	1.004376e-04
1.609951107762754e+00	4.000516e+00	9.994837e-05
1.614833920262754e+00	4.005384e+00	9.946153e-05
1.619716732762754e+00	4.010230e+00	9.897706e-05
1.624599545262754e+00	4.015050e+00	9.849496e-05
1.629482357762754e+00	4.019848e+00	9.801520e-05
1.634365170262754e+00	4.024622e+00	9.753777e-05
1.639247982762754e+00	4.029373e+00	9.706267e-05
1.644130795262754e+00	4.034101e+00	9.658989e-05
1.649013607762754e+00	4.038806e+00	9.611940e-05
1.653896420262754e+00	4.043488e+00	9.565122e-05
1.658779232762754e+00	4.048147e+00	9.518531e-05
1.663662045262754e+00	4.052783e+00	9.472167e-05
1.668544857762754e+00	4.057397e+00	9.426029e-05
1.673427670262754e+00	4.061988e+00	9.380115e-05
1.678310482762754e+00	4.066557e+00	9.334425e-05
1.683193295262754e+00	4.071104e+00	9.288958e-05
1.688076107762754e+00	4.075629e+00	9.243712e-05
1.692958920262754e+00	4.080132e+00	9.198687e-05
1.697841732762754e+00	4.084612e+00	9.153881e-05
1.702724545262754e+00	4.089071e+00	9.109293e-05
1.707607357762754e+00	4.093508e+00	9.064922e-05
1.712490170262754e+00	4.097923e+00	9.020768e-05
1.717372982762754e+00	4.102317e+00	8.976828e-05
1.722255795262754e+00	4.106690e+00	8.933103e-05
1.727138607762754e+00	4.111041e+00	8.889590e-05
1.732021420262754e+00	4.115371e+00	8.846290e-05
1.736904232762754e+00	4.119680e+00	8.803200e-05
1.741787045262754e+00	4.123968e+00	8.760321e-05
1.746669857762754e+00	4.128235e+00	8.717650e-05
1.751552670262754e+00	4.132481e+00	8.675187e-05
1.756435482762754e+00	4.136707e+00	8.632931e-05
1.761318295262754e+00	4.140912e+00	8.590880e-05
1.766201107762754e+00	4.145096e+00	8.549035e-05
1.771083920262754e+00	4.149261e+00	8.507393e-05
1.775966732762754e+00	4.153405e+00	8.465954e-05
1.780849545262754e+00	4.157528e+00	8.424717e-05
1.785732357762754e+00	4.161632e+00	8.383681e-05
1.790615170262754e+00	4.165716e+00	8.342845e-05
1.795497982762754e+00	4.169779e+00	8.302207e-05
1.800380795262754e+00	4.173823e+00	8.261768e-05
1.805263607762754e+00	4.177847e+00	8.221526e-05
1.810146420262754e+00	4.181852e+00	8.181480e-05
1.815029232762754e+00	4.185837e+00	8.141628e-05
1.819912045262754e+00	4.189803e+00	8.101971e-05
1.824794857762754e+00	4.193749e+00	8.062507e-05
1.829677670262754e+00	4.197677e+00	8.023235e-05
1.834560482762754e+00	4.201584e+00	7.984154e-05
1.839443295262754e+00	4.205473e+00	7.945264e-05
1.844326107762754e+00	4.209343e+00	7.906563e-05
1.849208920262754e+00	4.213195e+00	7.868051e-05
1.854091732762754e+00	4.217027e+00	7.829726e-05
1.858974545262754e+00	4.220841e+00	7.791589e-05
1.863857357762754e+00	4.224637e+00	7.753637e-05
1.868740170262754e+00	4.228413e+00	7.715869e-05
1.873622982762754e+00	4.232172e+00	7.678286e-05
1.878505795262754e+00	4.235911e+00	7.640885e-05
1.883388607762754e+00	4.239633e+00	7.603667e-05
1.888271420262754e+00	4.243337e+00	7.566631e-05
1.893154232762754e+00	4.247023e+00	7.529774e-05
1.898037045262754e+00	4.250690e+00	7.493097e-05
1.902919857762754e+00	4.254340e+00	7.456599e-05
1.907802670262754e+00	4.257972e+00	7.420278e-05
1.912685482762754e+00	4.261587e+00	7.384134e-05
1.917568295262754e+00	4.265183e+00	7.348167e-05
1.922451107762754e+00	4.268763e+00	7.312375e-05
1.927333920262754e+00	4.272324e+00	7.276757e-05
1.932216732762754e+00	4.275869e+00	7.241312e-05
1.937099545262754e+00	4.279396e+00	7.206041e-05
1.941982357762754e+00	4.282906e+00	7.170940e-05
1.946865170262754e+00	4.286399e+00	7.136011e-05
1.951747982762754e+00	4.289875e+00	7.101252e-05
1.956630795262754e+00	4.293334e+00	7.066663e-05
1.961513607762754e+00	4.296776e+00	7.032241e-05
1.966396420262754e+00	4.300201e+00	6.997988e-05
1.971279232762754e+00	4.303610e+00	6.963901e-05
1.976162045262754e+00	4.307002e+00	6.929981e-05
1.981044857762754e+00	4.310378e+00	6.896225e-05
1.985927670262754e+00	4.313736e+00	6.862634e-05
1.990810482762754e+00	4.317079e+00	6.829207e-05
1.995693295262754e+00	4.320406e+00	6.795942e-05
2.000576107762754e+00	4.323716e+00	6.762840e-05
2.005458920262754e+00	4.327010e+00	6.729899e-05
2.010341732762754e+00	4.330288e+00	6.697118e-05
2.015224545262754e+00	4.333550e+00	6.664497e-05
2.020107357762754e+00	4.336797e+00	6.632035e-05
2.024990170262754e+00	4.340027e+00	6.599731e-05
2.029872982762754e+00	4.343242e+00	6.567583e-05
2.034755795262754e+00	4.346441e+00	6.535593e-05
2.039638607762754e+00	4.349624e+00	6.503760e-05
2.044521420262754e+00	4.352792e+00	6.472080e-05
2.049404232762754e+00	4.355945e+00	6.440555e-05
2.054287045262754e+00	4.359082e+00	6.409184e-05
2.059169857762754e+00	4.362204e+00	6.377965e-05
2.064052670262754e+00	4.365310e+00	6.346899e-05
2.068935482762754e+00	4.368402e+00	6.315983e-05
2.073818295262754e+00	4.371478e+00	6.285218e-05
2.078701107762754e+00	4.374540e+00	6.254604e-05
2.083583920262754e+00	4.377586e+00	6.224138e-05
2.088466732762754e+00	4.380618e+00	6.193820e-05
2.093349545262754e+00	4.383635e+00	6.163651e-05
2.098232357762754e+00	4.386637e+00	6.133629e-05
2.103115170262754e+00	4.389625e+00	6.103752e-05
2.107997982762754e+00	4.392598e+00	6.074021e-05
2.112880795262754e+00	4.395556e+00	6.044435e-05
2.117763607762754e+00	4.398501e+00	6.014993e-05
2.122646420262754e+00	4.401431e+00	5.985695e-05
2.127529232762754e+00	4.404346e+00	5.956539e-05
2.132412045262754e+00	4.407248e+00	5.927525e-05
2.137294857762754e+00	4.410135e+00	5.898652e-05
2.142177670262754e+00	4.413008e+00	5.869921e-05
2.147060482762754e+00	4.415867e+00	5.841329e-05
2.151943295262754e+00	4.418713e+00	5.812876e-05
2.156826107762754e+00	4.421544e+00	5.784562e-05
2.161708920262754e+00	4.424361e+00	5.756386e-05
2.166591732762754e+00	4.427166e+00	5.728347e-05
2.171474545262754e+00	4.429955e+00	5.700445e-05
2.176357357762754e+00	4.432732e+00	5.672678e-05
2.181240170262754e+00	4.435495e+00	5.645047e-05
2.186122982762754e+00	4.438245e+00	5.617550e-05
2.191005795262754e+00	4.440981e+00	5.590188e-05
2.195888607762754e+00	4.443704e+00	5.562958e-05
2.200771420262754e+00	4.446414e+00	5.535862e-05
2.205654232762754e+00	4.449111e+00	5.508897e-05
2.210537045262754e+00	4.451794e+00	5.482063e-05
2.215419857762754e+00	4.454464e+00	5.455361e-05
2.220302670262754e+00	4.457121e+00	5.428788e-05
2.225185482762754e+00	4.459765e+00	5.402345e-05
2.230068295262754e+00	4.462397e+00	5.376030e-05
2.234951107762754e+00	4.465015e+00	5.349844e-05
2.239833920262754e+00	4.467621e+00	5.323786e-05
2.244716732762754e+00	4.470215e+00	5.297854e-05
2.249599545262754e+00	4.472795e+00	5.272049e-05
2.254482357762754e+00	4.475363e+00	5.246369e-05
2.259365170262754e+00	4.477919e+00	5.220814e-05
2.264247982762754e+00	4.480462e+00	5.195384e-05
2.269130795262754e+00	4.482992e+00	5.170078e-05
2.274013607762754e+00	4.485510e+00	5.144895e-05
2.278896420262754e+00	4.488017e+00	5.119834e-05
2.283779232762754e+00	4.490510e+00	5.094896e-05
2.288662045262754e+00	4.492992e+00	5.070079e-05
2.293544857762754e+00	4.495461e+00	5.045383e-05
2.298427670262754e+00	4.497919e+00	5.020808e-05
2.303310482762754e+00	4.500365e+00	4.996352e-05
2.308193295262754e+00	4.502799e+00	4.972015e-05
2.313076107762754e+00	4.505220e+00	4.947796e-05
2.317958920262754e+00	4.507630e+00	4.923696e-05
2.322841732762754e+00	4.510029e+00	4.899713e-05
2.327724545262754e+00	4.512415e+00	4.875847e-05
2.332607357762754e+00	4.514790e+00	4.852097e-05
2.337490170262754e+00	4.517154e+00	4.828463e-05
2.342372982762754e+00	4.519506e+00	4.804944e-05
2.347255795262754e+00	4.521846e+00	4.781540e-05
2.352138607762754e+00	4.524175e+00	4.758249e-05
2.357021420262754e+00	4.526493e+00	4.735072e-05
2.361904232762754e+00	4.528799e+00	4.712008e-05
2.366787045262754e+00	4.531095e+00	4.689056e-05
2.371669857762754e+00	4.533379e+00	4.666216e-05
2.376552670262754e+00	4.535651e+00	4.643487e-05
2.381435482762754e+00	4.537913e+00	4.620869e-05
2.386318295262754e+00	4.540164e+00	4.598361e-05
2.391201107762754e+00	4.542404e+00	4.575963e-05
2.396083920262754e+00	4.544632e+00	4.553674e-05
2.400966732762754e+00	4.546851e+00	4.531493e-05
2.405849545262754e+00	4.549058e+00	4.509421e-05
2.410732357762754e+00	4.551254e+00	4.487456e-05
2.415615170262754e+00	4.553440e+00	4.465598e-05
2.420497982762754e+00	4.555615e+00	4.443846e-05
2.425380795262754e+00	4.557780e+00	4.422200e-05
2.430263607762754e+00	4.559934e+00	4.400660e-05
2.435146420262754e+00	4.562078e+00	4.379225e-05
2.440029232762754e+00	4.564210e+00	4.357894e-05
2.444912045262754e+00	4.566333e+00	4.336667e-05
2.449794857762754e+00	4.568446e+00	4.315544e-05
2.454677670262754e+00	4.570548e+00	4.294523e-05
2.459560482762754e+00	4.572639e+00	4.273605e-05
2.464443295262754e+00	4.574721e+00	4.252788e-05
2.469326107762754e+00	4.576793e+00	4.232073e-05
2.474208920262754e+00	4.578854e+00	4.211459e-05
2.479091732762754e+00	4.580905e+00	4.190945e-05
2.483974545262754e+00	4.582947e+00	4.170532e-05
2.488857357762754e+00	4.584978e+00	4.150218e-05
2.493740170262754e+00	4.587000e+00	4.130002e-05
2.498622982762754e+00	4.589012e+00	4.109885e-05
2.503505795262754e+00	4.591013e+00	4.089866e-05
2.508388607762754e+00	4.593006e+00	4.069945e-05
2.513271420262754e+00	4.594988e+00	4.050120e-05
2.518154232762754e+00	4.596961e+00	4.030393e-05
2.523037045262754e+00	4.598924e+00	4.010761e-05
2.527919857762754e+00	4.600878e+00	3.991225e-05
2.532802670262754e+00	4.602822e+00	3.971784e-05
2.537685482762754e+00	4.604756e+00	3.952438e-05
2.542568295262754e+00	4.606681e+00	3.933186e-05
2.547451107762754e+00	4.608597e+00	3.914027e-05
2.552333920262754e+00	4.610504e+00	3.894962e-05
2.557216732762754e+00	4.612401e+00	3.875990e-05
2.562099545262754e+00	4.614289e+00	3.857111e-05
2.566982357762754e+00	4.616168e+00	3.838323e-05
2.571865170262754e+00	4.618037e+00	3.819627e-05
2.576747982762754e+00	4.619898e+00	3.801022e-05
2.581630795262754e+00	4.621749e+00	3.782507e-05
2.586513607762754e+00	4.623592e+00	3.764083e-05
2.591396420262754e+00	4.625425e+00	3.745748e-05
2.596279232762754e+00	4.627250e+00	3.727503e-05
2.601162045262754e+00	4.629066e+00	3.709347e-05
2.606044857762754e+00	4.630872e+00	3.691279e-05
2.610927670262754e+00	4.632670e+00	3.673299e-05
2.615810482762754e+00	4.634459e+00	3.655407e-05
2.620693295262754e+00	4.636240e+00	3.637602e-05
2.625576107762754e+00	4.638012e+00	3.619883e-05
2.630458920262754e+00	4.639775e+00	3.602251e-05
2.635341732762754e+00	4.641530e+00	3.584705e-05
2.640224545262754e+00	4.643276e+00	3.567244e-05
2.645107357762754e+00	4.645013e+00	3.549868e-05
2.649990170262754e+00	4.646742e+00	3.532577e-05
2.654872982762754e+00	4.648463e+00	3.515370e-05
2.659755795262754e+00	4.650175e+00	3.498247e-05
2.664638607762754e+00	4.651879e+00	3.481207e-05
2.669521420262754e+00	4.653575e+00	3.464250e-05
2.674404232762754e+00	4.655262e+00	3.447376e-05
2.679287045262754e+00	4.656941e+00	3.430585e-05
2.684169857762754e+00	4.658613e+00	3.413874e-05
2.689052670262754e+00	4.660275e+00	3.397246e-05
2.693935482762754e+00	4.661930e+00	3.380698e-05
2.698818295262754e+00	4.663577e+00	3.364231e-05
2.703701107762754e+00	4.665215e+00	3.347844e-05
2.708583920262754e+00	4.666846e+00	3.331537e-05
2.713466732762754e+00	4.668469e+00	3.315309e-05
2.718349545262754e+00	4.670084e+00	3.299161e-05
2.723232357762754e+00	4.671691e+00	3.283091e-05
2.728115170262754e+00	4.673290e+00	3.267099e-05
2.732997982762754e+00	4.674881e+00	3.251185e-05
2.737880795262754e+00	4.676465e+00	3.235349e-05
2.742763607762754e+00	4.678041e+00	3.219590e-05
2.747646420262754e+00	4.679609e+00	3.203908e-05
2.752529232762754e+00	4.681170e+00	3.188301e-05
2.757412045262754e+00	4.682723e+00	3.172772e-05
2.762294857762754e+00	4.684268e+00	3.157317e-05
2.767177670262754e+00	4.685806e+00	3.141938e-05
2.772060482762754e+00	4.687336e+00	3.126634e-05
2.776943295262754e+00	4.688859e+00	3.111404e-05
2.781826107762754e+00	4.690375e+00	3.096249e-05
2.786708920262754e+00	4.691883e+00	3.081168e-05
2.791591732762754e+00	4.693384e+00	3.066159e-05
2.796474545262754e+00	4.694878e+00	3.051224e-05
2.801357357762754e+00	4.696364e+00	3.036362e-05
2.806240170262754e+00	4.697843e+00	3.021572e-05
2.811122982762754e+00	4.699315e+00	3.006854e-05
2.816005795262754e+00	4.700779e+00	2.992208e-05
2.820888607762754e+00	4.702237e+00	2.977633e-05
2.825771420262754e+00	4.703687e+00	2.963130e-05
2.830654232762754e+00	4.705131e+00	2.948696e-05
2.835537045262754e+00	4.706567e+00	2.934333e-05
2.840419857762754e+00	4.707996e+00	2.920041e-05
2.845302670262754e+00	4.709418e+00	2.905817e-05
2.850185482762754e+00	4.710834e+00	2.891663e-05
2.855068295262754e+00	4.712242e+00	2.877578e-05
2.859951107762754e+00	4.713644e+00	2.863562e-05
2.864833920262754e+00	4.715039e+00	2.849614e-05
2.869716732762754e+00	4.716427e+00	2.835733e-05
2.874599545262754e+00	4.717808e+00	2.821921e-05
2.879482357762754e+00	4.719182e+00	2.808175e-05
2.884365170262754e+00	4.720551e+00	2.794497e-05
2.889247982762754e+00	4.721911e+00	2.780885e-05
2.894130795262754e+00	4.723266e+00	2.767340e-05
2.899013607762754e+00	4.724614e+00	2.753860e-05
2.903896420262754e+00	4.725955e+00	2.740446e-05
2.908779232762754e+00	4.727290e+00	2.727098e-05
2.913662045262754e+00	4.728619e+00	2.713815e-05
2.918544857762754e+00	4.729940e+00	2.700596e-05
2.923427670262754e+00	4.731256e+00	2.687441e-05
2.928310482762754e+00	4.732565e+00	2.674351e-05
2.933193295262754e+00	4.733868e+00	2.661324e-05
2.938076107762754e+00	4.735164e+00	2.648361e-05
2.942958920262754e+00	4.736454e+00	2.635461e-05
2.947841732762754e+00	4.737738e+00	2.622624e-05
2.952724545262754e+00	4.739015e+00	2.609850e-05
2.957607357762754e+00	4.740286e+00	2.597137e-05
2.962490170262754e+00	4.741551e+00	2.584487e-05
2.967372982762754e+00	4.742810e+00	2.571898e-05
2.972255795262754e+00	4.744063e+00	2.559370e-05
2.977138607762754e+00	4.745310e+00	2.546904e-05
2.982021420262754e+00	4.746550e+00	2.534498e-05
2.986904232762754e+00	4.747785e+00	2.522153e-05
2.991787045262754e+00	4.749013e+00	2.509868e-05
2.996669857762754e+00	4.750236e+00	2.497642e-05
3.001552670262754e+00	4.751452e+00	2.485476e-05
3.006435482762754e+00	4.752663e+00	2.473370e-05
3.011318295262754e+00	4.753868e+00	2.461322e-05
3.016201107762754e+00	4.755067e+00	2.449333e-05
3.021083920262754e+00	4.756260e+00	2.437403e-05
3.025966732762754e+00	4.757447e+00	2.425531e-05
3.030849545262754e+00	4.758628e+00	2.413716e-05
3.035732357762754e+00	4.759804e+00	2.401959e-05
3.040615170262754e+00	4.760974e+00	2.390259e-05
3.045497982762754e+00	4.762138e+00	2.378616e-05
3.050380795262754e+00	4.763297e+00	2.367030e-05
3.055263607762754e+00	4.764450e+00	2.355501e-05
3.060146420262754e+00	4.765597e+00	2.344027e-05
3.065029232762754e+00	4.766739e+00	2.332610e-05
3.069912045262754e+00	4.767875e+00	2.321248e-05
3.074794857762754e+00	4.769006e+00	2.309941e-05
3.079677670262754e+00	4.770131e+00	2.298690e-05
3.084560482762754e+00	4.771251e+00	2.287493e-05
3.089443295262754e+00	4.772365e+00	2.276351e-05
3.094326107762754e+00	4.773474e+00	2.265263e-05
3.099208920262754e+00	4.774577e+00	2.254229e-05
3.104091732762754e+00	4.775675e+00	2.243249e-05
3.108974545262754e+00	4.776768e+00	2.232322e-05
3.113857357762754e+00	4.777855e+00	2.221448e-05
3.118740170262754e+00	4.778937e+00	2.210628e-05
3.123622982762754e+00	4.780014e+00	2.199860e-05
3.128505795262754e+00	4.781085e+00	2.189145e-05
3.133388607762754e+00	4.782152e+00	2.178482e-05
3.138271420262754e+00	4.783213e+00	2.167870e-05
3.143154232762754e+00	4.784269e+00	2.157311e-05
3.148037045262754e+00	4.785320e+00	2.146803e-05
3.152919857762754e+00	4.786366e+00	2.136346e-05
3.157802670262754e+00	4.787406e+00	2.125940e-05
3.162685482762754e+00	4.788442e+00	2.115585e-05
3.167568295262754e+00	4.789472e+00	2.105280e-05
3.172451107762754e+00	4.790497e+00	2.095025e-05
3.177333920262754e+00	4.791518e+00	2.084821e-05
3.182216732762754e+00	4.792533e+00	2.074665e-05
3.187099545262754e+00	4.793544e+00	2.064560e-05
3.191982357762754e+00	4.794549e+00	2.054504e-05
3.196865170262754e+00	4.795550e+00	2.044496e-05
3.201747982762754e+00	4.796546e+00	2.034538e-05
3.206630795262754e+00	4.797537e+00	2.024628e-05
3.211513607762754e+00	4.798523e+00	2.014766e-05
3.216396420262754e+00	4.799505e+00	2.004952e-05
3.221279232762754e+00	4.800481e+00	1.995186e-05
3.226162045262754e+00	4.801453e+00	1.985468e-05
3.231044857762754e+00	4.802420e+00	1.975797e-05
3.235927670262754e+00	4.803383e+00	1.966173e-05
3.240810482762754e+00	4.804340e+00	1.956596e-05
3.245693295262754e+00	4.805294e+00	1.947065e-05
3.250576107762754e+00	4.806242e+00	1.937581e-05
3.255458920262754e+00	4.807186e+00	1.928144e-05
3.260341732762754e+00	4.808125e+00	1.918752e-05
3.265224545262754e+00	4.809060e+00	1.909406e-05
3.270107357762754e+00	4.809989e+00	1.900105e-05
3.274990170262754e+00	4.810915e+00	1.890850e-05
3.279872982762754e+00	4.811836e+00	1.881640e-05
3.284755795262754e+00	4.812753e+00	1.872474e-05
3.289638607762754e+00	4.813664e+00	1.863354e-05
3.294521420262754e+00	4.814572e+00	1.854277e-05
3.299404232762754e+00	4.815475e+00	1.845245e-05
3.304287045262754e+00	4.816374e+00	1.836257e-05
3.309169857762754e+00	4.817269e+00	1.827313e-05
3.314052670262754e+00	4.818159e+00	1.818412e-05
3.318935482762754e+00	4.819045e+00	1.809555e-05
3.323818295262754e+00	4.819926e+00	1.800741e-05
3.328701107762754e+00	4.820803e+00	1.791970e-05
3.333583920262754e+00	4.821676e+00	1.783241e-05
3.338466732762754e+00	4.822545e+00	1.774555e-05
3.343349545262754e+00	4.823409e+00	1.765911e-05
3.348232357762754e+00	4.824269e+00	1.757310e-05
3.353115170262754e+00	4.825125e+00	1.748750e-05
3.357997982762754e+00	4.825977e+00	1.740232e-05
3.362880795262754e+00	4.826825e+00	1.731755e-05
3.367763607762754e+00	4.827668e+00	1.723320e-05
3.372646420262754e+00	4.828507e+00	1.714926e-05
3.377529232762754e+00	4.829343e+00	1.706573e-05
3.382412045262754e+00	4.830174e+00	1.698260e-05
3.387294857762754e+00	4.831001e+00	1.689988e-05
3.392177670262754e+00	4.831824e+00	1.681756e-05
3.397060482762754e+00	4.832644e+00	1.673564e-05
3.401943295262754e+00	4.833459e+00	1.665413e-05
3.406826107762754e+00	4.834270e+00	1.657301e-05
3.411708920262754e+00	4.835077e+00	1.649228e-05
3.416591732762754e+00	4.835881e+00	1.641195e-05
3.421474545262754e+00	4.836680e+00	1.633201e-05
3.426357357762754e+00	4.837475e+00	1.625245e-05
3.431240170262754e+00	4.838267e+00	1.617329e-05
3.436122982762754e+00	4.839055e+00	1.609451e-05
3.441005795262754e+00	4.839839e+00	1.601612e-05
3.445888607762754e+00	4.840619e+00	1.593810e-05
3.450771420262754e+00	4.841395e+00	1.586047e-05
3.455654232762754e+00	4.842168e+00	1.578321e-05
3.460537045262754e+00	4.842937e+00	1.570634e-05
3.465419857762754e+00	4.843702e+00	1.562983e-05
3.470302670262754e+00	4.844463e+00	1.555370e-05
3.475185482762754e+00	4.845221e+00	1.547794e-05
3.480068295262754e+00	4.845974e+00	1.540255e-05
3.484951107762754e+00	4.846725e+00	1.532752e-05
3.489833920262754e+00	4.847471e+00	1.525286e-05
3.494716732762754e+00	4.848214e+00	1.517857e-05
3.499599545262754e+00	4.848954e+00	1.510463e-05
3.504482357762754e+00	4.849689e+00	1.503106e-05
3.509365170262754e+00	4.850421e+00	1.495785e-05
3.514247982762754e+00	4.851150e+00	1.488499e-05
3.519130795262754e+00	4.851875e+00	1.481248e-05
3.524013607762754e+00	4.852597e+00	1.474033e-05
3.528896420262754e+00	4.853315e+00	1.466853e-05
3.533779232762754e+00	4.854029e+00	1.459709e-05
3.538662045262754e+00	4.854740e+00	1.452598e-05
3.543544857762754e+00	4.855448e+00	1.445523e-05
3.548427670262754e+00	4.856152e+00	1.438482e-05
3.553310482762754e+00	4.856853e+00	1.431475e-05
3.558193295262754e+00	4.857550e+00	1.424503e-05
3.563076107762754e+00	4.858243e+00	1.417564e-05
3.567958920262754e+00	4.858934e+00	1.410659e-05
3.572841732762754e+00	4.859621e+00	1.403788e-05
3.577724545262754e+00	4.860305e+00	1.396950e-05
3.582607357762754e+00	4.860985e+00	1.390146e-05
3.587490170262754e+00	4.861662e+00	1.383374e-05
3.592372982762754e+00	4.862336e+00	1.376636e-05
3.597255795262754e+00	4.863007e+00	1.369931e-05
3.602138607762754e+00	4.863674e+00	1.363258e-05
3.607021420262754e+00	4.864338e+00	1.356617e-05
3.611904232762754e+00	4.864999e+00	1.350009e-05
3.616787045262754e+00	4.865657e+00	1.343434e-05
3.621669857762754e+00	4.866311e+00	1.336890e-05
3.626552670262754e+00	4.866962e+00	1.330378e-05
3.631435482762754e+00	4.867610e+00	1.323898e-05
3.636318295262754e+00	4.868255e+00	1.317449e-05
3.641201107762754e+00	4.868897e+00	1.311032e-05
3.646083920262754e+00	4.869535e+00	1.304646e-05
3.650966732762754e+00	4.870171e+00	1.298291e-05
3.655849545262754e+00	4.870803e+00	1.291967e-05
3.660732357762754e+00	4.871433e+00	1.285674e-05
3.665615170262754e+00	4.872059e+00	1.279412e-05
3.670497982762754e+00	4.872682e+00	1.273180e-05
3.675380795262754e+00	4.873302e+00	1.266979e-05
3.680263607762754e+00	4.873919e+00	1.260807e-05
3.685146420262754e+00	4.874534e+00	1.254666e-05
3.690029232762754e+00	4.875144e+00	1.248554e-05
3.694912045262754e+00	4.875753e+00	1.242473e-05
3.699794857762754e+00	4.876358e+00	1.236421e-05
3.704677670262754e+00	4.876960e+00	1.230398e-05
3.709560482762754e+00	4.877560e+00	1.224405e-05
3.714443295262754e+00	4.878156e+00	1.218441e-05
3.719326107762754e+00	4.878749e+00	1.212506e-05
3.724208920262754e+00	4.879340e+00	1.206600e-05
3.729091732762754e+00	4.879928e+00	1.200723e-05
3.733974545262754e+00	4.880513e+00	1.194874e-05
3.738857357762754e+00	4.881094e+00	1.189054e-05
3.743740170262754e+00	4.881674e+00	1.183262e-05
3.748622982762754e+00	4.882250e+00	1.177499e-05
3.753505795262754e+00	4.882823e+00	1.171763e-05
3.758388607762754e+00	4.883394e+00	1.166056e-05
3.763271420262754e+00	4.883963e+00	1.160376e-05
3.768154232762754e+00	4.884528e+00	1.154724e-05
3.773037045262754e+00	4.885090e+00	1.149099e-05
3.777919857762754e+00	4.885650e+00	1.143502e-05
3.782802670262754e+00	4.886207e+00	1.137932e-05
3.787685482762754e+00	4.886761e+00	1.132389e-05
3.792568295262754e+00	4.887312e+00	1.126874e-05
3.797451107762754e+00	4.887862e+00	1.121385e-05
3.802333920262754e+00	4.888408e+00	1.115923e-05
3.807216732762754e+00	4.888951e+00	1.110487e-05
3.812099545262754e+00	4.889492e+00	1.105078e-05
3.816982357762754e+00	4.890030e+00	1.099695e-05
3.821865170262754e+00	4.890566e+00	1.094339e-05
3.826747982762754e+00	4.891099e+00	1.089008e-05
3.831630795262754e+00	4.891630e+00	1.083704e-05
3.836513607762754e+00	4.892158e+00	1.078425e-05
3.841396420262754e+00	4.892683e+00	1.073172e-05
3.846279232762754e+00	4.893206e+00	1.067945e-05
3.851162045262754e+00	4.893726e+00	1.062743e-05
3.856044857762754e+00	4.894243e+00	1.057566e-05
3.860927670262754e+00	4.894759e+00	1.052415e-05
3.865810482762754e+00	4.895271e+00	1.047289e-05
3.870693295262754e+00	4.895781e+00	1.042188e-05
3.875576107762754e+00	4.896289e+00	1.037111e-05
3.880458920262754e+00	4.896794e+00	1.032060e-05
3.885341732762754e+00	4.897297e+00	1.027033e-05
3.890224545262754e+00	4.897797e+00	1.022030e-05
3.895107357762754e+00	4.898295e+00	1.017052e-05
3.899990170262754e+00	4.898790e+00	1.012098e-05
3.904872982762754e+00	4.899283e+00	1.007168e-05
3.909755795262754e+00	4.899774e+00	1.002262e-05
3.914638607762754e+00	4.900262e+00	9.973801e-06
3.919521420262754e+00	4.900748e+00	9.925219e-06
3.924404232762754e+00	4.901231e+00	9.876874e-06
3.929287045262754e+00	4.901712e+00	9.828765e-06
3.934169857762754e+00	4.902191e+00	9.780890e-06
3.939052670262754e+00	4.902668e+00	9.733248e-06
3.943935482762754e+00	4.903141e+00	9.685838e-06
3.948818295262754e+00	4.903614e+00	9.638658e-06
3.953701107762754e+00	4.904083e+00	9.591709e-06
3.958583920262754e+00	4.904550e+00	9.544990e-06
3.963466732762754e+00	4.905015e+00	9.498496e-06
3.968349545262754e+00	4.905478e+00	9.452230e-06
3.973232357762754e+00	4.905938e+00	9.406189e-06
3.978115170262754e+00	4.906396e+00	9.360372e-06
3.982997982762754e+00	4.906852e+00	9.314778e-06
3.987880795262754e+00	4.907306e+00	9.269407e-06
3.992763607762754e+00	4.907757e+00	9.224256e-06
3.997646420262754e+00	4.908207e+00	9.179325e-06
4.002529232762754e+00	4.908654e+00	9.134614e-06
4.007412045262754e+00	4.909099e+00	9.090120e-06
4.012294857762754e+00	4.909542e+00	9.045842e-06
4.017177670262754e+00	4.909982e+00	9.001781e-06
4.022060482762754e+00	4.910421e+00	8.957934e-06
4.026943295262754e+00	4.910857e+00	8.914300e-06
4.031826107762754e+00	4.911291e+00	8.870880e-06
4.036708920262754e+00	4.911723e+00	8.827670e-06
4.041591732762754e+00	4.912153e+00	8.784672e-06
4.046474545262754e+00	4.912581e+00	8.741882e-06
4.051357357762754e+00	4.913007e+00	8.699301e-06
4.056240170262754e+00	4.913431e+00	8.656928e-06
4.061122982762754e+00	4.913852e+00	8.614760e-06
4.066005795262754e+00	4.914272e+00	8.572799e-06
4.070888607762754e+00	4.914690e+00	8.531041e-06
4.075771420262754e+00	4.915105e+00	8.489487e-06
4.080654232762754e+00	4.915519e+00	8.448135e-06
4.085537045262754e+00	4.915930e+00	8.406985e-06
4.090419857762754e+00	4.916340e+00	8.366035e-06
4.095302670262754e+00	4.916747e+00	8.325285e-06
4.100185482762754e+00	4.917153e+00	8.284734e-06
4.105068295262754e+00	4.917556e+00	8.244379e-06
4.109951107762754e+00	4.917958e+00	8.204222e-06
4.114833920262754e+00	4.918357e+00	8.164259e-06
4.119716732762754e+00	4.918755e+00	8.124492e-06
4.124599545262754e+00	4.919151e+00	8.084919e-06
4.129482357762754e+00	4.919545e+00	8.045537e-06
4.134365170262754e+00	4.919937e+00	8.006348e-06
4.139247982762754e+00	4.920327e+00	7.967350e-06
4.144130795262754e+00	4.920714e+00	7.928541e-06
4.149013607762754e+00	4.921101e+00	7.889922e-06
4.153896420262754e+00	4.921485e+00	7.851491e-06
4.158779232762754e+00	4.921867e+00	7.813247e-06
4.163662045262754e+00	4.922248e+00	7.775189e-06
4.168544857762754e+00	4.922627e+00	7.737317e-06
4.173427670262754e+00	4.923004e+00	7.699629e-06
4.178310482762754e+00	4.923379e+00	7.662125e-06
4.183193295262754e+00	4.923752e+00	7.624803e-06
4.188076107762754e+00	4.924123e+00	7.587663e-06
4.192958920262754e+00	4.924493e+00	7.550705e-06
4.197841732762754e+00	4.924861e+00	7.513926e-06
4.202724545262754e+00	4.925227e+00	7.477326e-06
4.207607357762754e+00	4.925591e+00	7.440904e-06
4.212490170262754e+00	4.925953e+00	7.404660e-06
4.217372982762754e+00	4.926314e+00	7.368593e-06
4.222255795262754e+00	4.926673e+00	7.332701e-06
4.227138607762754e+00	4.927030e+00	7.296984e-06
4.232021420262754e+00	4.927386e+00	7.261441e-06
4.236904232762754e+00	4.927739e+00	7.226071e-06
4.241787045262754e+00	4.928091e+00	7.190873e-06
4.246669857762754e+00	4.928442e+00	7.155847e-06
4.251552670262754e+00	4.928790e+00	7.120992e-06
4.256435482762754e+00	4.929137e+00	7.086306e-06
4.261318295262754e+00	4.929482e+00	7.051789e-06
4.266201107762754e+00	4.929826e+00	7.017440e-06
4.271083920262754e+00	4.930167e+00	6.983259e-06
4.275966732762754e+00	4.930508e+00	6.949244e-06
4.280849545262754e+00	4.930846e+00	6.915395e-06
4.285732357762754e+00	4.931183e+00	6.881710e-06
4.290615170262754e+00	4.931518e+00	6.848190e-06
4.295497982762754e+00	4.931852e+00	6.814833e-06
4.300380795262754e+00	4.932184e+00	6.781639e-06
4.305263607762754e+00	4.932514e+00	6.748606e-06
4.310146420262754e+00	4.932843e+00	6.715734e-06
4.315029232762754e+00	4.933170e+00	6.683022e-06
4.319912045262754e+00	4.933496e+00	6.650469e-06
4.324794857762754e+00	4.933819e+00	6.618076e-06
4.329677670262754e+00	4.934142e+00	6.585840e-06
4.334560482762754e+00	4.934463e+00	6.553761e-06
4.339443295262754e+00	4.934782e+00	6.521838e-06
4.344326107762754e+00	4.935099e+00	6.490071e-06
4.349208920262754e+00	4.935415e+00	6.458458e-06
4.354091732762754e+00	4.935730e+00	6.426999e-06
4.358974545262754e+00	4.936043e+00	6.395694e-06
4.363857357762754e+00	4.936355e+00	6.364541e-06
4.368740170262754e+00	4.936665e+00	6.333540e-06
4.373622982762754e+00	4.936973e+00	6.302690e-06
4.378505795262754e+00	4.937280e+00	6.271990e-06
4.383388607762754e+00	4.937586e+00	6.241439e-06
4.388271420262754e+00	4.937890e+00	6.211038e-06
4.393154232762754e+00	4.938192e+00	6.180784e-06
4.398037045262754e+00	4.938493e+00	6.150678e-06
4.402919857762754e+00	4.938793e+00	6.120718e-06
4.407802670262754e+00	4.939091e+00	6.090905e-06
4.412685482762754e+00	4.939388e+00	6.061237e-06
4.417568295262754e+00	4.939683e+00	6.031713e-06
4.422451107762754e+00	4.939977e+00	6.002333e-06
4.427333920262754e+00	4.940269e+00	5.973096e-06
4.432216732762754e+00	4.940560e+00	5.944002e-06
4.437099545262754e+00	4.940849e+00	5.915049e-06
4.441982357762754e+00	4.941138e+00	5.886237e-06
4.446865170262754e+00	4.941424e+00	5.857566e-06
4.451747982762754e+00	4.941710e+00	5.829034e-06
4.456630795262754e+00	4.941994e+00	5.800641e-06
4.461513607762754e+00	4.942276e+00	5.772387e-06
4.466396420262754e+00	4.942557e+00	5.744270e-06
4.471279232762754e+00	4.942837e+00	5.716290e-06
4.476162045262754e+00	4.943116e+00	5.688446e-06
4.481044857762754e+00	4.943393e+00	5.660738e-06
4.485927670262754e+00	4.943668e+00	5.633166e-06
4.490810482762754e+00	4.943943e+00	5.605727e-06
4.495693295262754e+00	4.944216e+00	5.578422e-06
4.500576107762754e+00	4.944488e+00	5.551250e-06
4.505458920262754e+00	4.944758e+00	5.524210e-06
4.510341732762754e+00	4.945027e+00	5.497302e-06
4.515224545262754e+00	4.945295e+00	5.470525e-06
4.520107357762754e+00	4.945561e+00	5.443878e-06
4.524990170262754e+00	4.945827e+00	5.417362e-06
4.529872982762754e+00	4.946090e+00	5.390974e-06
4.534755795262754e+00	4.946353e+00	5.364715e-06
4.539638607762754e+00	4.946614e+00	5.338584e-06
4.544521420262754e+00	4.946874e+00	5.312580e-06
4.549404232762754e+00	4.947133e+00	5.286703e-06
4.554287045262754e+00	4.947391e+00	5.260952e-06
4.559169857762754e+00	4.947647e+00	5.235327e-06
4.564052670262754e+00	4.947902e+00	5.209826e-06
4.568935482762754e+00	4.948155e+00	5.184449e-06
4.573818295262754e+00	4.948408e+00	5.159196e-06
4.578701107762754e+00	4.948659e+00	5.134066e-06
4.583583920262754e+00	4.948909e+00	5.109058e-06
4.588466732762754e+00	4.949158e+00	5.084172e-06
4.593349545262754e+00	4.949406e+00	5.059408e-06
4.598232357762754e+00	4.949652e+00	5.034764e-06
4.603115170262754e+00	4.949898e+00	5.010240e-06
4.607997982762754e+00	4.950141e+00	4.985835e-06
4.612880795262754e+00	4.950385e+00	4.961550e-06
4.617763607762754e+00	4.950626e+00	4.937383e-06
4.622646420262754e+00	4.950867e+00	4.913333e-06
4.627529232762754e+00	4.951106e+00	4.889400e-06
4.632412045262754e+00	4.951344e+00	4.865585e-06
4.637294857762754e+00	4.951581e+00	4.841885e-06
4.642177670262754e+00	4.951817e+00	4.818300e-06
4.647060482762754e+00	4.952052e+00	4.794831e-06
4.651943295262754e+00	4.952285e+00	4.771475e-06
4.656826107762754e+00	4.952518e+00	4.748234e-06
4.661708920262754e+00	4.952749e+00	4.725106e-06
4.666591732762754e+00	4.952979e+00	4.702090e-06
4.671474545262754e+00	4.953208e+00	4.679187e-06
4.676357357762754e+00	4.953436e+00	4.656395e-06
4.681240170262754e+00	4.953663e+00	4.633714e-06
4.686122982762754e+00	4.953888e+00	4.611143e-06
4.691005795262754e+00	4.954113e+00	4.588683e-06
4.695888607762754e+00	4.954337e+00	4.566331e-06
4.700771420262754e+00	4.954559e+00	4.544089e-06
4.705654232762754e+00	4.954781e+00	4.521955e-06
4.710537045262754e+00	4.955001e+00	4.499929e-06
4.715419857762754e+00	4.955220e+00	4.478010e-06
4.720302670262754e+00	4.955438e+00	4.456198e-06
4.725185482762754e+00	4.955655e+00	4.434493e-06
4.730068295262754e+00	4.955871e+00	4.412893e-06
4.734951107762754e+00	4.956086e+00	4.391398e-06
4.739833920262754e+00	4.956300e+00	4.370008e-06
4.744716732762754e+00	4.956513e+00	4.348722e-06
4.749599545262754e+00	4.956725e+00	4.327540e-06
4.754482357762754e+00	4.956935e+00	4.306460e-06
4.759365170262754e+00	4.957145e+00	4.285484e-06
4.764247982762754e+00	4.957354e+00	4.264610e-06
4.769130795262754e+00	4.957561e+00	4.243837e-06
4.774013607762754e+00	4.957768e+00	4.223166e-06
4.778896420262754e+00	4.957974e+00	4.202595e-06
4.783779232762754e+00	4.958179e+00	4.182124e-06
4.788662045262754e+00	4.958383e+00	4.161754e-06
4.793544857762754e+00	4.958585e+00	4.141482e-06
4.798427670262754e+00	4.958787e+00	4.121309e-06
4.803310482762754e+00	4.958988e+00	4.101235e-06
4.808193295262754e+00	4.959188e+00	4.081258e-06
4.813076107762754e+00	4.959386e+00	4.061379e-06
4.817958920262754e+00	4.959584e+00	4.041596e-06
4.822841732762754e+00	4.959781e+00	4.021910e-06
4.827724545262754e+00	4.959977e+00	4.002319e-06
4.832607357762754e+00	4.960172e+00	3.982824e-06
4.837490170262754e+00	4.960366e+00	3.963424e-06
4.842372982762754e+00	4.960559e+00	3.944118e-06
4.847255795262754e+00	4.960751e+00	3.924907e-06
4.852138607762754e+00	4.960942e+00	3.905789e-06
4.857021420262754e+00	4.961133e+00	3.886764e-06
4.861904232762754e+00	4.961322e+00	3.867832e-06
4.866787045262754e+00	4.961510e+00	3.848992e-06
4.871669857762754e+00	4.961698e+00	3.830244e-06
4.876552670262754e+00	4.961884e+00	3.811587e-06
4.881435482762754e+00	4.962070e+00	3.793022e-06
4.886318295262754e+00	4.962255e+00	3.774546e-06
4.891201107762754e+00	4.962439e+00	3.756160e-06
4.896083920262754e+00	4.962621e+00	3.737865e-06
4.900966732762754e+00	4.962803e+00	3.719658e-06
4.905849545262754e+00	4.962985e+00	3.701540e-06
4.910732357762754e+00	4.963165e+00	3.683510e-06
4.915615170262754e+00	4.963344e+00	3.665567e-06
4.920497982762754e+00	4.963523e+00	3.647713e-06
4.925380795262754e+00	4.963701e+00	3.629945e-06
4.930263607762754e+00	4.963877e+00	3.612264e-06
4.935146420262754e+00	4.964053e+00	3.594669e-06
4.940029232762754e+00	4.964229e+00	3.577160e-06
4.944912045262754e+00	4.964403e+00	3.559735e-06
4.949794857762754e+00	4.964576e+00	3.542396e-06
4.954677670262754e+00	4.964748e+00	3.525142e-06
4.959560482762754e+00	4.964921e+00	3.507971e-06
4.964443295262754e+00	4.965091e+00	3.490884e-06
4.969326107762754e+00	4.965261e+00	3.473880e-06
4.974208920262754e+00	4.965430e+00	3.456959e-06
4.979091732762754e+00	4.965599e+00	3.440121e-06
4.983974545262754e+00	4.965766e+00	3.423364e-06
4.988857357762754e+00	4.965933e+00	3.406689e-06
4.993740170262754e+00	4.966099e+00	3.390095e-06
4.998622982762754e+00	4.966264e+00	3.373582e-06
5.000000000000000e+00	4.966311e+00	3.368940e-06
